请输入任意个正整数（升序，最多20个），以-1结束
无有效输入
请输入任意个正整数（升序，最多20个），以-1结束
原数组为：
3 5 7 9 0 
请输入要插入的正整数
插入后的数组为：
3 5 7 9 0 2 
请输入任意个正整数（升序，最多20个），以-1结束
原数组为：
3 5 7 9 
请输入要插入的正整数
插入后的数组为：
2 3 5 7 9 
请输入任意个正整数（升序，最多20个），以-1结束
原数组为：
3 5 7 9 
请输入要插入的正整数
插入后的数组为：
-1 3 5 7 9 
请输入任意个正整数（升序，最多20个），以-1结束
原数组为：
1 3 5 7 9 11 13 15 17 19 21 23 25 27 29 31 33 35 37 39 
请输入要插入的正整数
插入后的数组为：
1 2 3 5 7 9 11 13 15 17 19 21 23 25 27 29 31 33 35 37 39 
请输入任意个正整数（升序，最多20个），以-1结束
原数组为：
1 3 5 7 9 11 13 15 17 19 21 23 25 27 29 31 33 35 37 39 
请输入要插入的正整数
插入后的数组为：
1 3 5 7 9 11 13 15 17 19 21 23 25 27 29 31 33 35 37 39 50 
请输入任意个正整数（升序，最多20个），以-1结束
原数组为：
1 3 5 7 9 11 13 15 17 19 21 23 25 27 29 31 33 35 37 39 
请输入要插入的正整数
插入后的数组为：
1 3 5 7 9 11 13 15 17 19 21 23 25 27 29 31 33 35 37 39 40 
请输入任意个正整数（升序，最多20个），以-1结束
原数组为：
1 3 5 7 9 11 13 15 17 19 21 23 25 27 29 31 33 35 37 39 
请输入要插入的正整数
插入后的数组为：
0 1 3 5 7 9 11 13 15 17 19 21 23 25 27 29 31 33 35 37 39 
请输入任意个正整数（升序，最多20个），以-1结束
原数组为：
1 3 5 7 9 11 13 15 17 19 21 23 25 27 29 31 33 35 37 39 
请输入要插入的正整数
插入后的数组为：
1 3 5 7 9 11 13 15 17 19 21 23 25 27 29 31 33 35 37 39 40 
请输入任意个正整数（升序，最多20个），以-1结束
原数组为：
1 3 5 7 9 11 13 15 17 19 21 23 25 27 29 31 33 35 37 39 
请输入要插入的正整数
插入后的数组为：
0 1 3 5 7 9 11 13 15 17 19 21 23 25 27 29 31 33 35 37 39 
请输入任意个正整数（升序，最多20个），以-1结束
原数组为：
2 8 11 23 26 28 34 37 39 41 42 46 48 51 53 57 58 60 62 64 
请输入要插入的正整数
插入后的数组为：
2 8 11 23 26 28 33 34 37 39 41 42 46 48 51 53 57 58 60 62 64 
请输入任意个正整数（升序，最多20个），以-1结束
原数组为：
2 8 11 23 26 28 34 37 39 41 42 46 48 51 53 57 58 60 62 64 
请输入要插入的正整数
插入后的数组为：
2 8 11 23 26 28 33 34 37 39 41 42 46 48 51 53 57 58 60 62 64 
请输入任意个正整数（升序，最多20个），以-1结束
无有效输入
请输入任意个正整数（升序，最多20个），以-1结束
无有效输入
请输入任意个正整数（升序，最多20个），以-1结束
无有效输入
请输入任意个正整数（升序，最多20个），以-1结束
无有效输入
请输入任意个正整数（升序，最多20个），以-1结束
无有效输入
请输入任意个正整数（升序，最多20个），以-1结束
无有效输入
请输入任意个正整数（升序，最多20个），以-1结束
无有效输入
请输入任意个正整数（升序，最多20个），以-1结束
无有效输入
请输入任意个正整数（升序，最多20个），以-1结束
无有效输入
请输入任意个正整数（升序，最多20个），以-1结束
无有效输入
请输入任意个正整数（升序，最多20个），以-1结束
无有效输入
请输入任意个正整数（升序，最多20个），以-1结束
无有效输入
请输入任意个正整数（升序，最多20个），以-1结束
无有效输入
请输入任意个正整数（升序，最多20个），以-1结束
无有效输入
请输入任意个正整数（升序，最多20个），以-1结束
无有效输入
请输入任意个正整数（升序，最多20个），以-1结束
无有效输入
请输入任意个正整数（升序，最多20个），以-1结束
无有效输入
请输入任意个正整数（升序，最多20个），以-1结束
无有效输入
请输入任意个正整数（升序，最多20个），以-1结束
无有效输入
请输入任意个正整数（升序，最多20个），以-1结束
无有效输入
请输入任意个正整数（升序，最多20个），以-1结束
无有效输入
请输入任意个正整数（升序，最多20个），以-1结束
无有效输入
请输入任意个正整数（升序，最多20个），以-1结束
无有效输入
请输入任意个正整数（升序，最多20个），以-1结束
无有效输入
请输入任意个正整数（升序，最多20个），以-1结束
无有效输入
请输入任意个正整数（升序，最多20个），以-1结束
无有效输入
请输入任意个正整数（升序，最多20个），以-1结束
无有效输入
请输入任意个正整数（升序，最多20个），以-1结束
无有效输入
请输入任意个正整数（升序，最多20个），以-1结束
无有效输入
请输入任意个正整数（升序，最多20个），以-1结束
无有效输入
请输入任意个正整数（升序，最多20个），以-1结束
无有效输入
请输入任意个正整数（升序，最多20个），以-1结束
无有效输入
请输入任意个正整数（升序，最多20个），以-1结束
无有效输入
请输入任意个正整数（升序，最多20个），以-1结束
无有效输入
请输入任意个正整数（升序，最多20个），以-1结束
无有效输入
请输入任意个正整数（升序，最多20个），以-1结束
无有效输入
请输入任意个正整数（升序，最多20个），以-1结束
无有效输入
请输入任意个正整数（升序，最多20个），以-1结束
无有效输入
