请输入成绩（最多1000个），以-1结束
输入的数组为:
12 23 63 23 60 25 42 23 24 33 
56 76 88 67 26 69 62 85 100 0 
12 23 63 23 60 25 42 23 24 33 
56 76 88 67 26 69 62 85 100 0 
12 23 63 23 60 25 42 23 24 33 
56 76 88 67 26 69 62 85 100 1 
12 23 63 23 60 25 42 23 24 33 
54 76 88 67 26 65 62 85 100 0 
12 23 63 23 60 25 42 23 24 33 
56 76 88 67 26 69 62 85 100 0 
12 23 63 23 60 25 42 23 24 33 
56 76 88 67 26 69 62 85 100 0 
12 23 63 23 60 25 42 23 24 33 
56 76 88 67 26 69 62 85 100 0 
12 23 63 23 60 25 42 23 24 33 
56 76 88 67 26 69 62 85 100 1 
12 23 63 23 60 25 42 23 24 33 
54 76 88 67 26 65 62 85 100 0 
12 23 63 23 60 25 42 23 24 33 
56 76 88 67 26 69 62 85 100 1 
12 23 63 23 60 25 42 23 24 33 
56 76 88 67 26 69 62 85 100 0 
12 23 63 23 60 25 42 23 24 33 
56 76 88 67 26 69 62 85 100 0 
12 23 63 23 60 25 42 23 24 33 
56 76 88 67 26 69 62 85 100 1 
12 23 63 23 60 25 42 23 24 33 
54 76 88 67 26 65 62 85 100 0 
12 23 63 23 60 25 42 23 24 33 
56 76 88 67 26 69 62 85 100 0 
12 23 63 23 60 25 42 23 24 33 
56 76 88 67 26 69 62 85 100 0 
12 23 63 23 60 25 42 23 24 33 
56 76 88 67 26 69 62 85 100 0 
12 23 63 23 60 25 42 23 24 33 
56 76 88 67 26 69 62 85 100 1 
12 23 63 23 60 25 42 23 24 33 
54 76 88 67 26 65 62 85 100 0 
12 23 63 23 60 25 42 23 24 33 
56 76 88 67 26 69 62 85 100 0 
12 23 63 23 60 25 42 23 24 33 
56 76 88 67 26 69 62 85 100 0 
12 23 63 23 60 25 42 23 24 33 
56 76 88 67 26 69 62 85 100 0 
12 23 63 23 60 25 42 23 24 33 
56 76 88 67 26 69 62 85 100 1 
12 23 63 23 60 25 42 23 24 33 
54 76 88 67 26 65 62 85 100 0 
12 23 63 23 60 25 42 23 24 33 
56 76 88 67 26 69 62 85 100 0 
12 23 63 23 60 25 42 23 24 33 
56 76 88 67 26 69 62 85 100 0 
12 23 63 23 60 25 42 23 24 33 
56 76 88 67 26 69 62 85 100 0 
12 23 63 23 60 25 42 23 24 33 
56 76 88 67 26 69 62 85 100 1 
12 23 63 23 60 25 42 23 24 33 
54 76 88 67 26 65 62 85 100 0 
12 23 63 23 60 25 42 23 24 33 
56 76 88 67 26 69 62 85 100 0 
12 23 63 23 60 25 42 23 24 33 
56 76 88 67 26 69 62 85 100 0 
12 23 63 23 60 25 42 23 24 33 
56 76 88 67 26 69 62 85 100 0 
12 23 63 23 60 25 42 23 24 33 
56 76 88 67 26 69 62 85 100 1 
12 23 63 23 60 25 42 23 24 33 
54 76 88 67 26 65 62 85 100 0 
12 23 63 23 60 25 42 23 24 33 
56 76 88 67 26 69 62 85 100 0 
12 23 63 23 60 25 42 23 24 33 
56 76 88 67 26 69 62 85 100 0 
12 23 63 23 60 25 42 23 24 33 
56 76 88 67 26 69 62 85 100 0 
12 23 63 23 60 25 42 23 24 33 
56 76 88 67 26 69 62 85 100 1 
12 23 63 23 60 25 42 23 24 33 
54 76 88 67 26 65 62 85 100 0 
12 23 63 23 60 25 42 23 24 33 
56 76 88 67 26 69 62 85 100 0 
12 23 63 23 60 25 42 23 24 33 
56 76 88 67 26 69 62 85 100 0 
12 2 3 63 23 60 25 42 23 24 
33 56 76 88 67 26 69 62 85 100 
0 12 23 63 23 60 25 42 23 24 
33 56 76 88 67 26 69 62 85 100 
1 12 23 63 23 60 25 42 23 24 
33 54 76 88 67 26 65 62 85 100 
0 12 23 63 23 60 25 42 23 24 
33 56 76 88 67 26 69 62 85 100 
0 64 23 63 23 60 25 23 24 33 
56 76 88 67 26 69 62 85 100 0 
12 23 63 23 60 25 42 23 24 33 
56 76 88 67 26 69 62 85 100 0 
12 23 63 23 60 25 42 23 24 33 
56 76 88 67 26 69 62 85 100 1 
12 23 63 23 60 25 42 23 24 33 
54 76 88 67 26 65 62 85 100 0 
12 23 63 23 60 25 42 23 24 33 
56 76 88 67 26 69 62 85 100 0 
分数与人数的对应关系为:
100 50
88 50
85 50
76 50
69 40
67 50
65 10
64 1
63 50
62 50
60 50
56 40
54 10
42 49
33 50
26 50
25 50
24 50
23 149
12 49
3 1
2 1
1 11
0 39
请输入成绩（最多1000个），以-1结束
输入的数组为:
87 86 56 76 87 92 76 96 98 23 
55 56 34 23 
分数与人数的对应关系为:
98 1
96 1
92 1
87 2
86 1
76 2
56 2
55 1
34 1
23 2
请输入成绩（最多1000个），以-1结束
输入的数组为:
87 86 56 76 87 92 76 96 98 23 
55 56 34 23 
分数与人数的对应关系为:
98 1
96 1
92 1
87 2
86 1
76 2
56 2
55 1
34 1
23 2
请输入成绩（最多1000个），以-1结束
输入的数组为:
87 97 56 100 76 87 92 0 76 96 
98 23 55 56 100 34 0 1 100 0 
23 
分数与人数的对应关系为:
100 3
98 1
97 1
96 1
92 1
87 2
76 2
56 2
55 1
34 1
23 2
1 1
0 3
请输入成绩（最多1000个），以-1结束
输入的数组为:
20 21 2 29 23 20 2 20 29 12 
分数与人数的对应关系为:
29 2
23 1
21 1
20 3
12 1
2 2
请输入成绩（最多1000个），以-1结束
输入的数组为:
87 86 56 76 87 92 76 96 98 86 
23 55 56 34 23 
分数与人数的对应关系为:
98 1
96 1
92 1
87 2
86 2
76 2
56 2
55 1
34 1
23 2
请输入成绩（最多1000个），以-1结束
输入的数组为:
98 1 96 1 92 1 87 2 86 1 
76 2 56 2 55 1 
分数与人数的对应关系为:
98 1
96 1
92 1
87 1
86 1
76 1
56 1
55 1
2 3
1 5
请输入成绩（最多1000个），以-1结束
输入的数组为:
98 1 96 1 92 87 2 86 1 76 
2 56 2 55 1 
分数与人数的对应关系为:
98 1
96 1
92 1
87 1
86 1
76 1
56 1
55 1
2 3
1 4
请输入成绩（最多1000个），以-1结束
输入的数组为:
12 23 63 23 60 25 42 23 24 33 
56 76 88 67 26 69 62 85 100 0 
12 23 63 23 60 25 42 23 24 33 
56 76 88 67 26 69 62 85 100 0 
12 23 63 23 60 25 42 23 24 33 
56 76 88 67 26 69 62 85 100 1 
12 23 63 23 60 25 42 23 24 33 
54 76 88 67 26 65 62 85 100 0 
12 23 63 23 60 25 42 23 24 33 
56 76 88 67 26 69 62 85 100 0 
12 23 63 23 60 25 42 23 24 33 
56 76 88 67 26 69 62 85 23 63 
23 60 25 42 23 24 33 56 76 88 
67 26 69 62 85 100 0 12 23 63 
23 60 25 42 23 24 33 56 76 88 
67 26 69 62 85 100 1 12 23 63 
23 60 25 42 23 24 33 54 76 88 
67 26 65 62 85 100 0 12 23 63 
23 60 25 42 23 24 33 56 76 88 
67 26 69 62 85 100 1 12 23 63 
23 60 25 42 69 62 85 100 0 12 
23 63 23 60 25 42 23 24 33 56 
76 88 67 26 69 62 85 100 0 12 
23 63 23 60 25 42 23 24 33 56 
76 88 67 26 69 62 85 100 1 12 
23 63 23 60 25 42 23 24 33 54 
76 88 67 26 65 62 85 100 0 12 
23 63 23 60 25 42 23 24 33 56 
76 88 67 26 69 62 85 100 0 12 
23 63 23 60 25 42 23 24 33 56 
76 88 67 26 69 62 85 100 0 12 
23 63 23 60 25 42 23 24 33 56 
76 88 67 26 69 62 85 100 0 12 
23 63 23 60 25 42 23 24 33 56 
76 88 67 26 69 62 85 100 1 12 
23 63 23 60 25 42 23 24 33 54 
76 88 67 26 65 62 85 100 0 12 
23 63 23 60 25 42 23 24 33 56 
76 88 67 26 69 62 85 100 0 12 
23 63 23 60 25 42 23 24 33 56 
76 88 67 26 69 62 85 100 0 12 
23 63 23 60 25 42 23 24 33 56 
76 88 67 26 69 62 85 100 0 12 
23 63 23 60 25 42 23 24 33 56 
76 88 67 26 69 62 85 100 1 12 
23 63 23 60 25 42 23 24 33 54 
76 88 67 26 65 62 85 100 0 12 
23 63 23 60 25 42 23 24 33 56 
76 88 67 26 69 62 85 100 0 12 
23 63 23 60 25 42 23 24 33 56 
76 88 67 26 69 62 85 100 0 12 
23 63 23 60 25 42 23 24 33 56 
76 88 67 26 69 62 85 100 0 12 
23 63 23 60 25 42 23 24 33 56 
76 88 67 26 69 62 85 100 1 12 
23 63 23 60 25 42 23 24 33 54 
76 88 67 26 65 62 85 100 0 12 
23 63 23 60 25 42 23 24 33 56 
76 88 67 26 69 62 85 100 0 12 
23 63 23 60 25 42 23 24 33 56 
76 88 67 26 69 62 85 100 0 12 
23 63 23 60 25 42 23 24 33 56 
76 88 67 26 69 62 85 100 0 12 
23 63 23 60 25 42 23 24 33 56 
76 88 67 26 69 62 85 100 1 12 
23 63 23 60 25 42 23 24 33 54 
76 88 67 26 65 62 85 100 0 12 
23 63 23 60 25 42 23 24 33 56 
76 88 67 26 69 62 85 100 0 12 
23 63 23 60 25 42 23 24 33 56 
76 88 67 26 69 62 85 100 0 12 
23 63 23 60 25 42 23 24 33 56 
76 88 67 26 69 62 85 100 0 12 
23 63 23 60 25 42 23 24 33 56 
76 88 67 26 69 62 85 100 1 12 
23 63 23 60 25 42 23 24 33 54 
76 88 67 26 65 62 85 100 0 12 
23 63 23 60 25 42 23 24 33 56 
76 88 67 26 69 62 85 100 0 12 
23 63 23 60 25 42 23 24 33 56 
76 88 67 26 69 62 85 100 0 12 
2 3 63 23 60 25 42 23 24 33 
56 76 88 67 26 69 62 85 100 0 
12 23 63 23 60 25 42 23 24 33 
56 76 88 67 26 69 62 85 100 1 
12 23 63 23 60 25 42 23 24 33 
54 76 88 67 26 65 62 85 100 0 
12 23 63 23 60 25 42 23 24 33 
56 76 88 67 26 69 62 85 100 0 
64 23 63 23 60 25 23 24 33 56 
76 88 67 26 69 62 85 100 0 12 
23 63 23 60 25 42 23 24 33 56 
76 88 67 26 69 62 85 100 0 12 
23 63 23 60 25 42 23 24 33 56 
76 88 67 26 69 62 85 100 1 12 
23 63 23 60 25 42 23 24 33 54 
76 88 67 26 65 62 85 100 0 12 
23 63 23 34 35 60 25 42 23 24 
33 56 76 88 67 26 69 62 85 100 
0 
分数与人数的对应关系为:
100 49
88 49
85 50
76 49
69 40
67 49
65 10
64 1
63 50
62 50
60 50
56 39
54 10
42 49
35 1
34 1
33 49
26 49
25 50
24 49
23 148
12 48
3 1
2 1
1 11
0 38
请输入成绩（最多1000个），以-1结束
输入的数组为:
12 23 63 23 60 25 42 23 24 33 
56 76 88 67 26 69 62 85 100 0 
12 23 63 23 60 25 42 23 24 33 
56 76 88 67 26 69 62 85 100 0 
12 23 63 23 60 25 42 23 24 33 
56 76 88 67 26 69 62 85 100 1 
12 23 63 23 60 25 42 23 24 33 
54 76 88 67 26 65 62 85 100 0 
12 23 63 23 60 25 42 23 24 33 
56 76 88 67 26 69 62 85 100 0 
12 23 63 23 60 25 42 23 24 33 
56 76 88 67 26 76 88 67 26 69 
62 85 100 0 12 23 63 23 60 25 
42 23 24 33 56 76 88 67 26 69 
62 85 100 1 12 23 63 23 60 25 
42 23 24 33 54 76 88 67 26 65 
62 85 100 0 12 23 63 23 60 25 
42 23 24 33 56 76 88 67 26 69 
62 85 100 1 12 23 63 23 60 25 
42 23 24 33 56 76 88 67 26 69 
62 85 100 0 12 23 63 23 60 25 
42 23 24 33 56 76 88 67 26 69 
62 85 100 0 12 23 63 23 60 25 
42 23 24 33 56 76 88 67 26 69 
62 85 100 1 12 23 63 23 60 25 
42 23 24 33 54 76 88 67 26 65 
62 85 100 0 12 23 63 23 60 25 
42 23 24 33 56 76 88 67 26 69 
62 85 100 0 12 23 63 23 60 25 
42 23 24 33 56 76 88 67 26 69 
62 85 100 0 12 23 63 23 60 25 
42 23 24 33 56 76 88 67 26 69 
62 85 100 0 12 23 63 23 60 25 
42 23 24 33 56 76 88 67 26 69 
62 85 100 1 12 23 63 23 60 25 
42 23 24 33 54 76 88 67 26 65 
62 85 100 0 12 23 63 23 60 25 
42 23 24 33 56 76 88 67 26 69 
62 85 100 0 12 23 63 23 60 25 
42 23 24 33 56 76 88 67 26 69 
12 23 63 23 60 25 42 23 24 33 
56 76 88 67 26 69 62 85 100 0 
12 23 63 23 60 25 42 23 24 33 
56 76 88 67 26 69 62 85 100 1 
12 23 63 23 60 25 42 23 24 33 
54 76 88 67 26 65 62 85 100 0 
12 23 63 23 60 25 42 23 24 33 
56 76 88 67 26 69 62 85 100 0 
12 23 63 23 60 25 42 23 24 33 
56 76 88 67 26 69 62 85 100 0 
12 23 63 23 60 25 42 23 24 33 
56 76 88 67 26 69 62 85 100 0 
12 23 63 23 60 25 42 23 24 33 
56 76 88 67 26 69 62 85 100 1 
12 23 63 23 60 25 42 23 24 33 
54 76 88 67 26 65 62 85 100 0 
12 23 63 23 60 25 42 23 24 33 
56 76 88 67 26 69 62 85 100 0 
12 23 63 23 60 25 42 23 24 33 
56 76 88 67 26 69 62 85 100 0 
12 23 63 23 60 25 42 23 24 33 
56 76 88 67 26 69 62 85 100 0 
12 23 63 23 60 25 42 23 24 33 
56 76 88 67 26 69 62 85 100 1 
12 23 63 23 60 25 42 23 24 33 
54 76 88 67 26 65 62 85 100 0 
12 23 63 23 60 25 42 23 24 33 
56 76 88 67 26 69 62 85 100 0 
12 23 63 23 60 25 42 23 24 33 
56 76 88 67 26 69 62 85 100 0 
12 23 63 23 60 25 42 23 24 33 
56 76 88 67 26 69 62 85 100 0 
12 23 63 23 60 25 42 23 24 33 
56 76 88 67 26 69 62 85 100 1 
12 23 63 23 60 25 42 23 24 33 
54 76 88 67 26 65 62 85 100 0 
12 23 63 23 60 25 42 23 24 33 
56 76 88 67 26 69 62 85 100 0 
12 23 63 23 60 25 42 23 24 33 
56 76 88 67 26 69 62 85 100 0 
12 2 3 63 23 60 25 42 23 24 
33 56 76 88 67 26 69 62 85 100 
0 12 23 63 23 60 25 42 23 24 
33 56 76 88 67 26 69 62 85 100 
1 12 23 63 23 60 25 42 23 24 
33 54 76 88 67 26 65 62 85 100 
0 12 23 63 23 60 25 42 23 24 
33 56 76 88 67 26 69 62 85 100 
0 64 23 63 23 60 25 23 24 33 
56 76 88 67 26 69 62 85 100 0 
12 23 63 23 60 25 42 23 24 33 
56 76 88 67 26 69 62 85 100 0 
12 23 63 23 60 25 42 23 24 33 
56 76 88 67 26 69 62 85 100 1 
12 23 63 23 60 25 42 23 24 33 
54 76 88 67 26 65 62 85 100 0 
12 23 63 23 34 43 56 60 25 42 
23 24 33 56 76 88 67 26 69 62 
85 100 0 
分数与人数的对应关系为:
100 48
88 50
85 48
76 50
69 39
67 50
65 10
64 1
63 49
62 48
60 49
56 40
54 10
43 1
42 48
34 1
33 49
26 50
25 49
24 49
23 146
12 48
3 1
2 1
1 11
0 37
请输入成绩（最多1000个），以-1结束
输入的数组为:
13 33 86 78 37 95 36 36 78 78 
99 100 32 0 0 0 13 60 13 57 
60 31 13 35 73 47 65 35 23 
分数与人数的对应关系为:
100 1
99 1
95 1
86 1
78 3
73 1
65 1
60 2
57 1
47 1
37 1
36 2
35 2
33 1
32 1
31 1
23 1
13 4
0 3
请输入成绩（最多1000个），以-1结束
输入的数组为:
13 33 86 78 37 95 36 36 100 23 
0 100 0 0 100 1 3 78 99 100 
32 0 0 0 13 60 13 57 60 31 
13 35 73 47 65 35 23 
分数与人数的对应关系为:
100 4
99 1
95 1
86 1
78 2
73 1
65 1
60 2
57 1
47 1
37 1
36 2
35 2
33 1
32 1
31 1
23 2
13 4
3 1
1 1
0 6
