[4-b14-01]
4 1 2 -1 3 2 3 4

[4-b14-02]
3 1 -1 2
3 1 -1 2 3 2 3 4

[4-b14-03]
3 1 -1 2 3
2 3 4 5

[4-b14-04]
3 1 -1 2 2
12 13 14

[4-b14-05]
2
12 23

[4-b14-06]
-1 2 3

[4-b14-07]
3 123232 23414 242423 23432 24245

[4-b14-08]
4
13131313 1311313
13131
131

[4-b14-09]
4
1
2
-1
2
12 13 14

[4-b14-10]
4
1
2
3
-1 2
12 13 14 a b

[4-b14-11]
4
1
2
3
-1 2
12 13 a 14

[4-b14-12]
4 12 13 a 14
4 12 13 a 4
4
1
2
3
-1 a
4 12 13 13 a 4
3 2 1 1

[4-b14-13]
4 3 3 2 1

[4-b14-14]
2 111111111111111111111111111111111111111 111111111111111111111111111112
2 13131 a12
2 -1111111 122313 1313232

[4-b14-15]
2 0 12
2 12 0
2 0 0
2  13 12 0